 <pre>

 Contingency table for Cloud cover (octas)
 Selection: ALL    400 stations
Period: 20230214-20230228
Used {00,12} + 03 06 ... 66
 Limits   0.50000000000000000        1.5000000000000000        2.5000000000000000        3.5000000000000000        4.5000000000000000        5.5000000000000000        6.5000000000000000        7.5000000000000000     
 Each class is data <= limit, the very last > last limit
 Total number of values      210090
                                                       OBSERVATION
                                  15503     2281     2318     1183      537      797     1169      846     3719 |     28353
                                   3137      677      791      575      278      409      567      623     2207 |      9264
                                   1533      359      469      336      185      308      463      491     1563 |      5707
                                   1164      301      387      288      166      259      392      511     1530 |      4998
                      Standard     1071      272      372      262      172      268      394      549     1613 |      4973
                                   1004      280      334      279      165      253      413      625     1842 |      5195
                                   1018      263      384      319      186      291      559      778     2540 |      6338
                                   1424      378      512      471      255      469      833     1402     4964 |     10708
                                   4119     1263     1651     1691     1181     2607     4968    18188    98886 |    134554

                    SUM           29973     6074     7218     5404     3125     5661     9758    24013   118864 |    210090
                                                       OBSERVATION
                                  15542     2301     2337     1201      549      789     1160      848     3695 |     28422
                                   3059      681      780      539      282      430      592      626     2164 |      9153
                                   1545      360      459      355      187      307      449      547     1627 |      5836
                                   1181      298      390      271      151      261      389      475     1535 |      4951
                   Blacklisted     1052      275      344      291      169      259      384      525     1579 |      4878
                                   1033      267      349      262      157      253      440      576     1872 |      5209
                                   1050      260      399      321      193      298      530      827     2584 |      6462
                                   1382      369      523      435      239      468      905     1391     4890 |     10602
                                   4129     1263     1637     1729     1198     2596     4909    18198    98918 |    134577

                    SUM           29973     6074     7218     5404     3125     5661     9758    24013   118864 |    210090

