 <pre>

 Contingency table for Visibility (m)
 Selection: ALL    710 stations
Period: 20230214-20230228
Used {00,12} + 00 03 ... 66
 Limits    1000.0000000000000        5000.0000000000000        10000.000000000000        20000.000000000000     
 Each class is data <= limit, the very last > last limit
 Total number of values      419192
                                     OBSERVATION
                                   4732     6406     2084     1722     1419 |     16363
                                   5078    37871    20409    18835    19844 |    102037
                      Standard     1404    10529    14759    23763    34098 |     84553
                                    639     6062    16736    32811    59400 |    115648
                                    854     5275    10336    26118    58008 |    100591

                    SUM           12707    66143    64324   103249   172769 |    419192
                                     OBSERVATION
                                   4753     6398     2102     1670     1404 |     16327
                                   5076    37843    20456    18780    19852 |    102007
                   Blacklisted     1387    10543    14716    23789    33994 |     84429
                                    644     6070    16769    32804    59421 |    115708
                                    847     5289    10281    26206    58098 |    100721

                    SUM           12707    66143    64324   103249   172769 |    419192

